228
271
285
287
295
335
339
357
358
366
367
455
505
518
530
540
547
718
725
728
729
730
731
733
736
738
742
746
788
790
802
809
851
858
864
919
958
1056
1058
1059
1060
1069
1076
1079
1081
1085
1086
1095
1098
1115
1161
1214
1238
1271
1275
1276
1277
1279
1280
1297
1301
1309
1315
1351
1363
1393
1412
1431
1432
1554
1557
2056
2064
2065
2068
2070
2088
2091
2102
2116
2117
2118
2127
2140
2141
2142
2169
2233
2337
2338
2340
2379
2517
2529
2535
2782
2788
2794
2842
2851
2852
2853
2862
2863
2882
2885
2904
2907
2954
2957
2958
3011
3014
3015
3037
3286
3292
3300
3308
3310
3382
3388
3442
3452
3453
3456
3476
3486
3651
3805
3814
3868
3934
3950
3955
3978
4002
4006
4023
4050
4053
4055
4060
4233
4242
4290
4304
4311
4312
4322
4488
4499
4516
4527
4568
4609
4657
4686
4697
4698
4700
4722
4726
4883
4923
4924
4927
4933
4948
4978
4992
5105
5112
5149
5209
5232
5262
5267
5308
5313
5315
5317
5318
5320
5325
5341
5362
5370
5412
5546
5552
5567
5572
5583
